% Generated by Ctk on ŒŽ 10 31 17:13:43 2022
% Format: x y frame-index id
% 209 points
47.5 106 40 1
38 172 30 2
83.045 25.2252 33 3
109 115 24 4
146 73 30 5
187 130 23 6
148.115 180.885 22 7
155 211 1 8
122.469 226.082 31 9
163.733 236.833 37 10
237.385 81.8519 42 11
296.264 138.736 39 12
270 151 4 13
252 144 39 14
222 194 4 15
231 206 36 16
219 140 42 17
205 306 12 18
201 290 63 19
198 334 52 20
264.66 314.149 8 21
239 355 8 22
230 367 58 23
155 404 79 24
171.5 499 28 25
151 569 29 26
139.022 631.54 21 27
129.5 597 55 28
119 639 60 29
48 603 24 30
205 618 3 31
198 617 32 32
273 596 5 33
289 584 44 34
246 614 41 35
297 641 10 36
272 659 42 37
327 626 43 38
338 115.5 18 39
357 68 15 40
351 35 70 41
399 155 31 42
381 194.5 69 43
355 124 39 44
336 121 78 45
342 88 86 46
304 280 39 47
263 257 28 48
315 215 33 49
353 249 33 50
312 356 7 51
326 328 27 52
378.5 236 44 53
417 255 37 54
409.5 257 51 55
254 443 29 56
446 339 12 57
453 386 39 58
426 335.5 41 59
314 434 34 60
354.5 378.5 26 61
362 427 11 62
328 489 45 63
427 464 76 64
420 403 16 65
487 435 76 66
388 367 17 67
463 158 35 68
423 63 20 69
507 134 5 70
516 123 33 71
491 106 34 72
435 210 40 73
516 220 5 74
507 221 49 75
491 246 65 76
550 184 18 77
568 214 4 78
532 283 1 79
488 311 45 80
544 287.5 37 81
659 274 49 82
561 106 10 83
561 128 40 84
573.5 63.5 46 85
607 117 13 86
598 124 48 87
511 400 51 88
593 306 27 89
613 190 15 90
634 227 45 91
615 180 49 92
621.5 84 52 93
604 254 12 94
623 329 27 95
593 390 13 96
565 397 49 97
650 377 57 98
539 415 13 99
496 472 47 100
613 401 51 101
578 509 6 102
555 446 45 103
550 482 48 104
654 107 1 105
994 351 8 106
975 345 42 107
998 317 47 108
950 388 6 109
944 399 37 110
892 395 38 111
1018 403 11 112
1071 440 31 113
1024 529 3 114
994 531 37 115
1005 525 38 116
1017 567 8 117
930 572 49 118
1003 628 54 119
994 638 57 120
1069 637 32 121
1010 574 41 122
1064 524 30 123
995 439 53 124
977 440 53 125
764 58 37 126
704.5 84 4 127
734.5 126 2 128
808 122 34 129
736 130 37 130
685 164 4 131
694 125.5 71 132
681 198 64 133
763 175 4 134
730.5 233 18 135
741 251 50 136
735 219 50 137
769 269 20 138
787 235 64 139
768 276 71 140
816 114 9 141
825 83 37 142
866 129 40 143
881 116 8 144
894 77 39 145
870 181 39 146
977 38 23 147
978 85 66 148
912 253 32 149
794 314 22 150
796 332 59 151
826 254 77 152
744 339 19 153
751 339 55 154
721 322 59 155
673 387 23 156
654 438 65 157
666.5 465 82 158
688.5 418 59 159
713 393 79 160
701 446 23 161
763 384 26 162
788 422 29 163
752 448 26 164
847 440 19 165
879.5 481 61 166
836 376 16 167
846 309 46 168
838 392 46 169
896 305 29 170
932 326 4 171
969 298 32 172
917 352 33 173
364 536 12 174
384 472 38 175
370 527 40 176
420 533 22 177
429 520 57 178
437 472 55 179
341 572 23 180
383 633 37 181
412 583 31 182
477 562 11 183
511 519 41 184
463.5 560 37 185
445 645 50 186
623 624 6 187
647 607 38 188
610 660 36 189
695 667 37 190
695 608 6 191
716 597 35 192
668 517 36 193
748 640 6 194
754 608 31 195
803 616 3 196
767 563 28 197
830 624 31 198
813 669 5 199
1032 363 33 200
386 291 14 201
355 298 84 202
658 217 7 203
689 281 57 204
696 252 59 205
468 90 18 206
648 137 33 207
649 85 34 208
601 536 36 209
