% Generated by Ctk on ŒŽ 10 31 17:14:29 2022
% Format: x y frame-index id
% 94 points
471.689 183.33 31 1
178 34 39 2
240.5 64 23 3
362.258 152.989 4 4
403.031 172.489 2 5
409.995 135.971 40 6
388.5 185 45 7
511.724 141.353 33 8
342.158 112.105 49 9
352.344 146.643 50 10
267.643 336.127 18 11
268.5 276 23 12
290.5 263 76 13
350 299 22 14
353.342 256.141 67 15
352 322 82 16
248.193 280.327 89 17
808.096 183.251 13 18
793.524 165.987 51 19
774.878 228.923 52 20
852 220 15 21
857.248 202.696 58 22
955.178 177.703 34 23
981.5 235 31 24
917.604 236.035 8 25
890.901 254.092 49 26
936.453 201.047 65 27
937.5 249 5 28
966.363 216.676 52 29
924.577 269.907 56 30
815 229 85 31
81 449 15 32
36.3512 403.137 61 33
123.483 470.893 15 34
54.8947 494.601 26 35
118.193 527.278 3 36
107.5 545 38 37
139.576 529.36 38 38
161.5 564 6 39
138.585 597.837 41 40
177.044 533.431 42 41
196.5 598 4 42
222 573 42 43
53 576 21 44
76 598 56 45
233 492 9 46
228.685 497.831 44 47
178.169 486.593 52 48
192 621 45 49
347 451 36 50
487 445 11 51
485 434 40 52
487 472 41 53
508 406 76 54
550 516 80 55
479 478 83 56
543 436 14 57
552 411 45 58
557 464 48 59
600.5 472 91 60
517 439 91 61
551 371 80 62
590 416 82 63
938.922 543.636 13 64
920 552 43 65
953 523 46 66
972 485 91 67
980 553 14 68
954 582 50 69
986 539 53 70
897 579 86 71
1023 389 11 72
1045 411 11 73
1072 399 41 74
1003 419 43 75
1050 431 43 76
1037 370 49 77
789 354 16 78
804.5 346 55 79
796 394 61 80
759 375 13 81
752 395 48 82
757 335 57 83
383 635 8 84
420 651 38 85
393 670 7 86
405 660 78 87
333.5 646 40 88
366 613 42 89
391 595 77 90
278 662 29 91
321 604 85 92
112.5 415 70 93
894 522 38 94
